[[0, 522, 85, 14, 13, 45, 20, 63, 15, 770], [522, 0, 318, 149, 97, 174, 136, 297, 41, 2680], [85, 318, 0, 25, 11, 23, 13, 32, 11, 421], [14, 149, 25, 0, 8, 12, 13, 24, 5, 157], [13, 97, 11, 8, 0, 13, 4, 19, 1, 98], [45, 174, 23, 12, 13, 0, 8, 40, 5, 219], [20, 136, 13, 13, 4, 8, 0, 16, 1, 204], [63, 297, 32, 24, 19, 40, 16, 0, 5, 340], [15, 41, 11, 5, 1, 5, 1, 5, 0, 55], [770, 2680, 421, 157, 98, 219, 204, 340, 55, 0]]